Pairwise differences for Tau and R values:
Relative differences between 0 and 33 days averaging:
Tau relative differences:
0.15582 0.00227 0.00000 0.00217 1.52886 1.11995 0.00124 0.00035 0.01000 0.03167 1.18695 0.00957 0.00298 0.00005 1.34046 0.68957 0.00123 0.00033 0.13293 1.43348 0.55446 2.85522 0.03248 0.15963 0.14001 0.06792 0.00040 0.57871 1.27599 1.42083 0.10450 0.46317 0.90229 0.56940 0.03160 0.30878
0.00010 0.18643 1.04786 1.08243 0.00109 0.00170 0.54691 0.14838 0.00011 0.00025 0.00032 0.16482 1.13471 0.30929 0.00007 0.00063 0.19120 0.34101 0.00057 0.00008 0.07844 0.00026 0.46591 0.00009 0.37793 0.00112 0.00477 0.00002 0.79185 0.00159 0.35412 0.00033 0.13889 0.00131 0.01475 0.00140
0.00000 0.60048 0.97588 0.43643 0.00088 0.00081 0.03001 0.57938 0.00082 0.00049 0.00004 0.27707 0.05289 0.54795 0.00008 0.00083 0.63825 0.29836 0.00095 0.00496 0.46010 0.00354 0.69235 0.00002 1.59829 0.00478 0.42810 0.00005 0.27952 0.00006 0.17390 0.00396 0.13609 0.00027 0.77584 0.00767
0.00005 0.35038 0.39749 0.28485 0.00024 0.00271 0.76792 0.00125 0.00142 0.00115 0.00006 0.26812 0.99652 0.21642 0.00000 0.00253 0.00214 0.02052 0.00198 0.00051 0.18531 0.00177 0.39060 0.00004 0.90560 0.00497 0.00169 0.00000 0.41161 0.00013 0.14510 0.00359 0.64546 0.00350 0.86454 0.00137
0.34189 0.00029 0.00058 0.00030 0.35759 0.89898 0.00101 0.00059 1.25300 0.93791 0.26127 0.00018 0.00135 0.00021 0.89775 0.65381 0.00010 0.00064 0.87888 1.07333 0.11411 0.53737 0.02003 0.26962 0.00599 1.37787 0.00013 1.04214 0.13269 0.08862 0.02375 0.07896 0.04022 0.16847 0.03298 0.04293
0.24237 0.01154 0.00024 0.00086 0.79388 0.06009 0.01216 0.00700 0.02420 0.12405 0.00824 0.00305 0.00197 0.00159 1.04512 0.91103 0.00968 0.00317 1.11301 0.04820 0.01276 0.30912 0.16935 0.04769 0.17414 0.35771 0.00099 0.55852 0.15946 0.38377 0.22034 0.24879 0.06990 0.29849 0.88643 0.38918
0.00012 0.18677 0.07655 1.02470 0.00458 0.00178 0.22590 0.00615 0.00092 0.00260 0.00020 0.10009 0.07011 0.00193 0.00199 0.00297 2.98407 0.08674 0.00102 0.00193 0.11231 0.00122 0.31418 0.00031 0.21279 0.00077 0.00028 0.00005 0.35270 0.00016 0.85853 0.00262 0.18749 0.00051 0.03249 0.00024
0.00001 0.72135 0.20899 0.85808 0.00011 0.00029 0.00617 0.20185 0.00198 0.00244 0.00002 0.10432 0.09175 0.82239 0.00005 0.00080 0.80913 0.47046 0.00009 0.00201 0.01454 0.00113 0.09702 0.00006 0.13102 0.00010 0.24563 0.00000 0.65982 0.00001 0.02828 0.00017 0.24191 0.00467 0.97824 0.00089
0.00177 0.00025 0.00072 0.00856 0.00831 0.68931 0.00081 0.00794 0.26814 0.00193 0.00138 0.00007 0.00002 0.00149 0.00138 0.81945 0.00253 0.00295 0.30779 0.84216 0.00151 0.00250 0.00119 0.00438 0.01155 0.70126 0.00003 0.00009 0.01304 0.36022 0.01009 0.00258 0.00577 0.27494 0.00137 0.79043
0.00243 0.00014 0.00032 0.00371 0.24175 0.01031 0.00201 0.00322 0.00413 0.21402 0.00031 0.00015 0.00038 0.00042 0.72959 0.03059 0.00231 0.00085 0.59953 1.49267 0.02525 0.05974 0.00960 0.00308 0.00099 0.00567 0.00001 0.00007 0.01262 0.00868 0.01442 0.00031 0.02794 0.00218 0.00006 0.00061
0.88210 0.00157 0.00029 0.00228 1.10921 0.01569 0.00001 0.00003 0.01788 0.00087 0.18509 0.00371 0.00270 0.00050 2.23398 0.00915 0.00042 0.00003 0.95600 1.63210 0.00909 0.16467 0.08977 0.61857 0.08204 0.39505 0.00006 0.01429 0.11893 0.39895 0.03822 0.22532 0.17884 1.27947 0.00022 0.13674
0.00082 0.09876 0.44051 0.59374 0.00042 0.00056 0.22659 0.34954 0.00003 0.00227 0.00089 0.13612 1.08338 1.02775 0.00006 0.00014 0.00373 0.00583 0.00073 0.00324 0.37684 0.00003 0.25172 0.00022 0.62206 0.00411 0.01568 0.00000 0.46224 0.00475 0.53620 0.00090 1.04826 0.00269 0.84521 0.00063
0.00043 5.17465 0.80817 1.26417 0.00219 0.00044 0.06987 0.06600 0.00004 0.00260 0.00173 0.21558 0.12267 0.58452 0.00347 0.00047 0.03154 0.78062 0.00098 0.00609 1.02047 0.00394 0.79029 0.00019 0.44981 0.00005 0.54958 0.00005 0.33783 0.00134 0.75669 0.00251 0.44708 0.00055 0.82085 0.00863
0.00002 0.50456 0.79529 0.72595 0.00018 0.00070 0.19910 0.24885 0.00030 0.00069 0.00002 0.36445 0.03376 0.20509 0.00113 0.00016 0.02894 0.03900 0.00012 0.00273 0.10134 0.00076 0.18427 0.00005 0.26347 0.01226 0.15202 0.00004 0.11384 0.00002 3.45356 0.01305 0.36334 0.00049 0.86715 0.00150
0.66412 0.00005 0.00006 0.00040 0.60889 0.84538 0.00224 0.00069 0.02167 0.04537 1.63812 0.00002 0.00056 0.00287 0.50956 1.03425 0.00036 0.00156 0.22954 0.08513 0.01301 0.61138 0.09192 0.03891 0.03602 0.10660 0.00004 1.08385 0.00656 1.50613 0.00798 0.33953 0.19145 0.00445 0.02381 0.75022
0.29861 0.00425 0.00297 0.00053 2.03334 0.43027 0.01745 0.01378 1.11147 0.47754 0.00314 0.00298 0.00332 0.00111 0.51671 0.54362 0.00784 0.00165 0.00650 0.95634 0.21963 1.40498 0.36881 0.44212 0.40619 0.04394 0.00144 0.00740 0.45087 0.09464 0.42240 0.15487 0.07677 0.48389 0.82607 0.27459
0.00001 0.37819 0.71193 0.00244 0.00111 0.00013 0.33363 0.07259 0.00205 0.00002 0.00012 1.01581 0.07092 0.06257 0.00151 0.00095 0.19024 0.00307 0.00192 0.00293 0.25974 0.00015 0.57106 0.00008 0.11562 0.00006 0.00145 0.00001 0.13157 0.00003 1.24854 0.00002 0.14051 0.00536 0.05147 0.00017
0.00027 0.46445 0.99886 0.02219 0.00231 0.00098 0.93092 0.71467 0.00273 0.00104 0.00002 0.01310 0.53981 0.09017 0.00024 0.00042 0.00160 0.24318 0.00154 0.00165 0.59833 0.00037 0.12852 0.00016 0.37176 0.00175 0.23053 0.00000 0.61834 0.00014 0.31955 0.00141 0.17835 0.00127 0.03102 0.00044
0.04295 0.00128 0.00026 0.00713 0.02497 0.64792 0.00063 0.00599 0.27149 0.03679 0.02318 0.00105 0.00006 0.00093 0.01395 0.78650 0.00251 0.00323 0.25233 0.00110 0.00125 0.04511 0.00226 0.04016 0.07473 0.20586 0.00011 0.00022 0.01653 0.37359 0.03863 0.16090 0.00464 0.11642 0.00077 0.81179
0.81131 0.00004 0.00176 0.00042 0.32050 0.00722 0.00592 0.00091 0.11871 1.29954 1.23701 0.00086 0.00091 0.00045 0.06018 0.45838 0.00621 0.00068 0.00073 0.22265 0.00964 0.34973 0.00547 0.72278 0.00287 1.09943 0.00001 0.00014 0.02174 0.82852 0.01939 0.00013 0.02382 0.88123 0.00112 0.56700
0.38342 0.00004 0.76372 0.00332 0.01063 0.01124 0.00332 0.00010 0.00018 0.00364 0.11564 0.00325 0.46692 0.00666 0.00236 0.00133 0.00237 0.00203 0.00021 0.00560 1.07762 0.05241 0.16718 0.37631 0.04742 0.00096 0.05866 0.00008 0.26552 0.10575 0.19874 0.00120 0.81850 0.39285 0.13292 0.02273
0.27203 0.00044 0.00182 0.03471 0.84501 0.16699 0.00633 0.00217 0.21758 0.05884 0.11489 0.00001 0.00973 0.01456 0.33987 0.01814 0.00885 0.00077 0.12958 0.14178 0.29545 0.87358 0.37791 0.11207 0.50876 0.03664 0.02108 0.29431 0.23866 0.31110 1.24531 0.43853 0.28179 0.33442 0.07569 0.24271
0.01403 0.01156 0.00632 0.00345 0.00188 0.00085 0.03616 0.00011 0.00345 0.00455 0.00565 0.00594 0.51408 0.95951 0.00345 0.00430 0.01777 0.00830 0.00313 0.00879 0.35515 0.01655 0.72533 0.00767 0.52579 0.05092 0.00052 0.00508 0.21608 0.02445 0.16403 0.10322 0.19179 0.01011 0.12447 0.08420
0.49356 0.00327 0.00743 0.09194 0.01026 0.96825 0.04871 0.01052 0.08073 0.10394 0.19549 0.00328 0.00592 0.01743 0.07005 0.03261 0.04003 0.00554 0.08235 0.12611 0.26266 1.12257 0.32405 0.20063 2.17806 0.24879 0.00369 0.00004 0.58815 0.38169 0.05825 0.07662 1.12242 0.41936 0.06715 4.17428
0.00036 0.00012 0.00389 0.00871 0.00090 0.01272 0.00149 0.00037 0.00070 0.00010 0.00008 0.00128 0.41218 0.00688 0.00132 0.17243 0.00038 0.00251 0.00533 0.00039 0.02118 0.11234 1.08933 0.31086 0.21552 0.01423 0.30568 0.00100 0.03215 0.00068 0.28288 0.14595 0.25654 0.01075 0.05743 0.07736
0.38351 0.00490 0.04095 0.02725 0.09657 0.21391 0.03686 0.00034 0.74198 0.00225 0.07332 0.00550 0.00050 0.04496 0.10809 0.03949 0.01193 0.00338 0.67350 0.01959 0.00403 0.27605 1.64777 1.53167 6.24423 0.18551 0.01846 0.09731 0.18019 0.10082 0.16028 0.03521 0.28347 1.02512 0.08612 0.04989
0.00511 0.00077 0.59786 0.00028 0.00215 0.00983 0.85624 0.00623 0.00076 0.00011 0.00192 0.00033 0.36177 1.03955 0.00339 0.01397 0.01384 0.00587 0.00214 0.00053 0.41701 0.03726 0.11399 0.00051 0.08751 0.06326 0.00050 0.00249 0.04497 0.00033 0.04845 0.03042 0.38938 0.01243 0.05140 0.08748
0.71410 0.00701 0.03798 0.01226 0.56540 0.28332 0.05416 0.00271 0.26870 0.01741 0.12792 0.01353 0.01476 0.03670 0.56383 0.06131 0.00757 0.01151 0.65444 0.46143 1.53916 0.55395 0.21656 1.24625 0.04005 8.13575 0.00399 0.00026 0.06019 0.14412 0.22009 0.30023 0.34911 0.06793 0.06583 0.04415
0.41847 0.00355 0.75118 0.01631 0.00233 0.00727 0.00479 0.00984 0.00066 0.00032 0.02057 0.01234 0.46875 0.04160 0.00141 0.00016 0.00739 0.87980 0.00102 0.00021 0.11154 0.00931 0.85601 0.00144 0.21498 0.07323 0.02744 0.00146 0.34836 0.01593 0.06614 0.00273 0.40309 0.01616 0.05337 0.00004
0.44105 0.00622 0.00013 0.00578 2.29944 0.80545 0.00204 0.00003 0.67588 0.03368 0.08427 0.00846 0.02594 0.00403 0.74267 0.81718 0.00148 0.00038 0.12409 0.04419 0.20034 0.90589 0.24410 0.18006 0.02069 6.28009 0.00022 0.11285 1.22884 0.81119 0.30083 0.07277 0.12361 0.17902 0.09544 0.70807
0.00981 0.51464 0.00078 0.51607 0.00363 0.00653 0.87463 0.00000 0.00012 0.00087 0.01015 0.56359 0.00684 0.49974 0.00849 0.01046 0.85763 0.65204 0.00029 0.00057 0.61564 0.01316 0.28925 0.07630 0.06494 0.00408 0.03933 0.01247 0.69574 0.01741 0.11906 0.00008 0.20434 0.00215 0.09910 0.01667
0.43086 0.00318 0.00403 0.01282 1.20343 0.49445 0.02768 0.00373 0.00401 0.03410 0.05304 0.01336 0.00466 0.02045 0.24787 0.28744 0.00083 0.01333 0.05052 0.01196 0.17204 0.67538 0.89231 0.63497 0.06217 0.16752 0.01140 0.01356 2.86150 0.01223 0.02582 0.73409 0.02630 0.32703 0.00501 0.06456
0.00859 0.00378 0.84311 0.88037 0.00091 0.00089 0.01707 0.04625 0.00000 0.00270 0.00727 0.03142 0.51456 1.02642 0.00061 0.00182 0.72936 1.12540 0.00046 0.00247 0.56480 0.00426 0.40838 0.89171 0.61363 0.00297 0.07760 0.00311 0.00894 0.01003 0.58870 0.00256 0.33677 0.00081 0.80224 0.01165
0.45561 0.00823 0.00054 0.02292 0.82987 0.78673 0.03064 0.02272 0.97292 0.00387 0.35911 0.01061 0.00167 0.00281 0.17889 0.01492 0.02223 0.00568 0.85049 0.99893 0.49995 0.09409 0.56064 0.77541 0.20556 0.59482 0.11451 0.02321 1.05720 0.15943 0.13526 0.02540 0.06873 0.04840 0.01987 4.87648
0.00048 0.58717 0.64946 0.00357 0.01000 0.01300 0.00321 0.88332 0.00167 0.00029 0.00007 0.45147 0.51377 0.01290 0.00415 0.00872 0.02631 0.88714 0.00225 0.00119 0.89776 0.01006 0.17015 0.54503 0.08960 0.01612 0.01012 0.00320 0.25880 0.00253 0.02451 0.01480 0.48827 0.01071 0.07432 0.19222
0.26841 0.00108 0.00256 0.00008 0.53538 0.35489 0.00009 0.00085 0.01198 0.00003 0.47509 0.00104 0.00337 0.00043 0.00025 0.23370 0.00011 0.00133 0.01490 1.10935 0.00178 0.01131 0.00545 0.42434 0.01519 0.00510 0.01883 0.00877 0.03600 0.17587 0.02234 0.03819 0.10227 0.12102 0.12680 0.26220

R relative differences:
0.00000 0.00159 0.00005 0.00278 0.49505 0.05591 0.00131 0.00048 0.63506 0.68273 0.05313 0.00641 0.33650 0.00117 0.34519 0.17863 0.00116 0.00127 0.49468 0.57466 0.02076 0.02082 0.02074 0.02100 0.00515 0.02101 0.02061 0.02078 0.02088 0.02060 0.02085 0.01662 0.02058 0.03818 0.02065 0.02046
0.00159 0.00000 0.04662 0.35589 0.00121 0.00638 0.14994 0.16369 0.00024 0.00023 0.00277 0.03183 0.08092 0.14463 0.00017 0.00516 0.01247 0.01605 0.00081 0.00011 0.00066 0.00054 0.37281 0.00188 0.00339 0.00157 0.00474 0.00168 0.00310 0.00329 0.39491 0.00283 0.00209 0.00630 0.35093 0.00361
0.00005 0.04662 0.00000 0.20090 0.00272 0.00264 0.17650 0.02334 0.00290 0.00168 0.00052 0.07548 0.02322 0.03827 0.00042 0.00229 0.15661 0.10280 0.00174 0.00840 0.35722 0.00318 0.39364 0.00115 0.00410 0.00432 0.32821 0.00484 0.24201 0.00012 0.00128 0.32666 0.31826 0.00075 0.32841 0.32761
0.00278 0.35589 0.20090 0.00000 0.00104 0.00607 0.52829 0.13704 0.00657 0.00732 0.00262 0.17082 0.76336 0.02086 0.00076 0.53270 0.00034 0.00599 0.00783 0.00263 0.43028 0.00292 0.41360 0.00558 0.43374 0.41671 0.00112 0.00256 0.44642 0.00149 0.42197 0.00375 0.36356 0.00593 0.41616 0.00230
0.49505 0.00121 0.00272 0.00104 0.00000 0.45971 0.00406 0.00279 1.10093 0.00874 0.60778 0.00095 0.00485 0.00558 0.00537 0.21209 0.00142 0.00367 0.64639 0.49732 0.41707 0.41421 0.00441 0.41385 0.00160 0.41291 0.00588 0.41530 0.41828 0.41555 0.41077 0.41619 0.41531 0.41681 0.41558 0.41577
0.05591 0.00638 0.00264 0.00607 0.45971 0.00000 0.52411 0.15879 0.63975 0.09020 0.00175 0.64980 0.00336 0.00217 3.02831 0.03896 0.43847 0.00283 0.61692 0.00577 0.11102 0.11291 0.11117 0.11111 0.11145 0.11105 0.11113 0.11089 0.11070 0.10969 0.11155 0.11286 0.10815 0.11077 0.11088 0.11095
0.00131 0.14994 0.17650 0.52829 0.00406 0.52411 0.00000 0.00757 0.00145 0.00395 0.00183 0.34177 0.11452 0.02044 0.00382 0.47085 0.00819 0.00111 0.00193 0.00609 0.53878 0.00186 0.53970 0.00469 0.53106 0.53846 0.53641 0.00517 0.00656 0.00083 0.53428 0.00513 0.52244 0.53809 0.53864 0.00203
0.00048 0.16369 0.02334 0.13704 0.00279 0.15879 0.00757 0.00000 0.00546 0.00591 0.00008 0.33719 0.19529 0.00695 0.00153 0.33488 0.02040 0.01253 0.00372 0.00313 0.00036 0.00136 0.00379 0.00258 0.00246 0.00031 0.54023 0.00080 0.52316 0.00054 0.00117 0.00127 0.55830 0.54189 0.54157 0.00314
0.63506 0.00024 0.00290 0.00657 1.10093 0.63975 0.00145 0.00546 0.00000 0.00164 0.00378 0.00027 0.00007 0.00249 0.00381 0.44367 0.00287 0.00313 0.00400 0.08860 0.00044 0.00995 0.00418 0.52196 0.00112 0.52267 0.00305 0.00749 0.00148 0.51909 0.00267 0.00096 0.00142 0.52155 0.00577 0.52177
0.68273 0.00023 0.00168 0.00732 0.00874 0.09020 0.00395 0.00591 0.00164 0.00000 0.00026 0.00219 0.00266 0.00099 0.38594 0.02704 0.00798 0.00189 0.01975 0.00168 0.00709 0.00602 0.00799 0.00867 0.00057 0.00107 0.00171 0.00661 0.00187 0.52921 0.00531 0.00444 0.00601 0.00053 0.00054 0.00006
0.05313 0.00277 0.00052 0.00262 0.60778 0.00175 0.00183 0.00008 0.00378 0.00026 0.00000 0.00543 0.32264 0.00394 0.47964 0.00102 0.00229 0.00018 0.41461 0.93952 0.07713 0.07744 0.07736 0.07785 0.07920 0.07781 0.07708 0.07752 0.07734 0.07752 0.07769 0.07793 0.07700 0.08305 0.00326 0.07759
0.00641 0.03183 0.07548 0.17082 0.00095 0.64980 0.34177 0.33719 0.00027 0.00219 0.00543 0.00000 0.00506 0.09092 0.00068 0.58211 0.05070 0.28075 0.00205 0.00473 0.41544 0.00011 0.38312 0.00206 0.00534 0.00459 0.38744 0.00550 0.37247 0.00799 0.40145 0.39018 0.52818 0.38859 0.38912 0.00382
0.33650 0.08092 0.02322 0.76336 0.00485 0.00336 0.11452 0.19529 0.00007 0.00266 0.32264 0.00506 0.00000 0.25648 0.18503 0.00312 1.10388 0.10058 0.00080 0.00778 0.34053 0.00337 0.34432 0.00530 0.29944 0.00014 0.32898 0.00450 0.24792 0.32761 0.00584 0.00399 0.32894 0.00309 0.32934 0.32877
0.00117 0.14463 0.03827 0.02086 0.00558 0.00217 0.02044 0.00695 0.00249 0.00099 0.00394 0.09092 0.25648 0.00000 0.00576 0.00066 0.22765 0.27619 0.00240 0.00390 0.42846 0.00213 0.41840 0.00183 0.44336 0.42517 0.42413 0.42641 0.43897 0.00180 0.42319 0.42488 0.35466 0.00082 0.42574 0.00181
0.34519 0.00017 0.00042 0.00076 0.00537 3.02831 0.00382 0.00153 0.00381 0.38594 0.47964 0.00068 0.18503 0.00576 0.00000 0.24041 0.00423 0.00247 0.03757 0.04233 0.00223 0.33335 0.33308 0.33332 0.33292 0.33260 0.33317 0.33348 0.00292 0.33305 0.33559 0.33496 0.33309 0.33613 0.33348 0.33349
0.17863 0.00516 0.00229 0.53270 0.21209 0.03896 0.47085 0.33488 0.44367 0.02704 0.00102 0.58211 0.00312 0.00066 0.24041 0.00000 0.46791 0.00084 0.38291 0.38778 0.03954 0.03567 0.03981 0.03952 0.03985 0.03955 0.03954 0.03932 0.03956 0.03804 0.03958 0.04047 0.00676 0.03930 0.03932 0.03936
0.00116 0.01247 0.15661 0.00034 0.00142 0.43847 0.00819 0.02040 0.00287 0.00798 0.00229 0.05070 1.10388 0.22765 0.00423 0.46791 0.00000 0.00044 0.00349 0.00842 0.51852 0.00282 0.51243 0.00505 0.00280 0.00199 0.00777 0.00114 0.51180 0.00069 0.50706 0.00049 0.50446 0.51053 0.51074 0.00076
0.00127 0.01605 0.10280 0.00599 0.00367 0.00283 0.00111 0.01253 0.00313 0.00189 0.00018 0.28075 0.10058 0.27619 0.00247 0.00084 0.00044 0.00000 0.00266 0.00198 0.00726 0.00041 0.51557 0.00104 0.53149 0.00324 0.51488 0.00232 0.48682 0.00037 0.50557 0.00289 0.53061 0.00197 0.51511 0.00547
0.49468 0.00081 0.00174 0.00783 0.64639 0.61692 0.00193 0.00372 0.00400 0.01975 0.41461 0.00205 0.00080 0.00240 0.03757 0.38291 0.00349 0.00266 0.00000 0.00108 0.00122 0.00996 0.00670 0.51636 0.00803 0.51638 0.00736 0.51623 0.00264 0.51682 0.51681 0.51616 0.00280 0.51594 0.00442 0.51615
0.57466 0.00011 0.00840 0.00263 0.49732 0.00577 0.00609 0.00313 0.08860 0.00168 0.93952 0.00473 0.00778 0.00390 0.04233 0.38778 0.00842 0.00198 0.00108 0.00000 0.00779 0.51545 0.51691 0.51618 0.00097 0.51927 0.00299 0.51630 0.00283 0.51702 0.00534 0.00072 0.00545 0.51570 0.00262 0.51736
0.02076 0.00066 0.35722 0.43028 0.41707 0.11102 0.53878 0.00036 0.00044 0.00709 0.07713 0.41544 0.34053 0.42846 0.00223 0.03954 0.51852 0.00726 0.00122 0.00779 0.00000 0.00002 0.00014 0.00001 0.00046 0.00137 0.00000 0.00003 0.00003 0.00021 0.00009 0.00041 0.00036 0.00032 0.00000 0.00980
0.02082 0.00054 0.00318 0.00292 0.41421 0.11291 0.00186 0.00136 0.00995 0.00602 0.07744 0.00011 0.00337 0.00213 0.33335 0.03567 0.00282 0.00041 0.00996 0.51545 0.00002 0.00000 0.00000 0.00000 0.00105 0.00011 0.00020 0.00000 0.00087 0.00026 0.00008 0.00023 0.00224 0.00015 0.00011 0.00007
0.02074 0.37281 0.39364 0.41360 0.00441 0.11117 0.53970 0.00379 0.00418 0.00799 0.07736 0.38312 0.34432 0.41840 0.33308 0.03981 0.51243 0.51557 0.00670 0.51691 0.00014 0.00000 0.00000 0.00000 0.00006 0.00003 0.00004 0.00002 0.00004 0.00005 0.00000 0.00005 0.00023 0.00042 0.00003 0.00002
0.02100 0.00188 0.00115 0.00558 0.41385 0.11111 0.00469 0.00258 0.52196 0.00867 0.07785 0.00206 0.00530 0.00183 0.33332 0.03952 0.00505 0.00104 0.51636 0.51618 0.00001 0.00000 0.00000 0.00000 0.00021 0.00000 0.00028 0.00002 0.00081 0.00005 0.00009 0.00001 0.00095 0.00010 0.00007 0.00012
0.00515 0.00339 0.00410 0.43374 0.00160 0.11145 0.53106 0.00246 0.00112 0.00057 0.07920 0.00534 0.29944 0.44336 0.33292 0.03985 0.00280 0.53149 0.00803 0.00097 0.00046 0.00105 0.00006 0.00021 0.00000 0.00004 0.00044 0.00008 0.00029 0.00228 0.00032 0.00001 0.00014 0.00049 0.00007 0.00015
0.02101 0.00157 0.00432 0.41671 0.41291 0.11105 0.53846 0.00031 0.52267 0.00107 0.07781 0.00459 0.00014 0.42517 0.33260 0.03955 0.00199 0.00324 0.51638 0.51927 0.00137 0.00011 0.00003 0.00000 0.00004 0.00000 0.00002 0.00001 0.00019 0.00001 0.00030 0.00000 0.00841 0.00007 0.00009 0.00002
0.02061 0.00474 0.32821 0.00112 0.00588 0.11113 0.53641 0.54023 0.00305 0.00171 0.07708 0.38744 0.32898 0.42413 0.33317 0.03954 0.00777 0.51488 0.00736 0.00299 0.00000 0.00020 0.00004 0.00028 0.00044 0.00002 0.00000 0.00006 0.00011 0.00039 0.00003 0.00001 0.00000 0.00006 0.00001 0.00019
0.02078 0.00168 0.00484 0.00256 0.41530 0.11089 0.00517 0.00080 0.00749 0.00661 0.07752 0.00550 0.00450 0.42641 0.33348 0.03932 0.00114 0.00232 0.51623 0.51630 0.00003 0.00000 0.00002 0.00002 0.00008 0.00001 0.00006 0.00000 0.00020 0.00024 0.00025 0.00001 0.00126 0.00001 0.00007 0.00003
0.02088 0.00310 0.24201 0.44642 0.41828 0.11070 0.00656 0.52316 0.00148 0.00187 0.07734 0.37247 0.24792 0.43897 0.00292 0.03956 0.51180 0.48682 0.00264 0.00283 0.00003 0.00087 0.00004 0.00081 0.00029 0.00019 0.00011 0.00020 0.00000 0.00005 0.00123 0.00016 0.00019 0.00025 0.00008 0.00494
0.02060 0.00329 0.00012 0.00149 0.41555 0.10969 0.00083 0.00054 0.51909 0.52921 0.07752 0.00799 0.32761 0.00180 0.33305 0.03804 0.00069 0.00037 0.51682 0.51702 0.00021 0.00026 0.00005 0.00005 0.00228 0.00001 0.00039 0.00024 0.00005 0.00000 0.00033 0.00007 0.00050 0.00004 0.00085 0.00013
0.02085 0.39491 0.00128 0.42197 0.41077 0.11155 0.53428 0.00117 0.00267 0.00531 0.07769 0.40145 0.00584 0.42319 0.33559 0.03958 0.50706 0.50557 0.51681 0.00534 0.00009 0.00008 0.00000 0.00009 0.00032 0.00030 0.00003 0.00025 0.00123 0.00033 0.00000 0.00060 0.00212 0.00011 0.00023 0.00921
0.01662 0.00283 0.32666 0.00375 0.41619 0.11286 0.00513 0.00127 0.00096 0.00444 0.07793 0.39018 0.00399 0.42488 0.33496 0.04047 0.00049 0.00289 0.51616 0.00072 0.00041 0.00023 0.00005 0.00001 0.00001 0.00000 0.00001 0.00001 0.00016 0.00007 0.00060 0.00000 0.00053 0.00013 0.00003 0.00002
0.02058 0.00209 0.31826 0.36356 0.41531 0.10815 0.52244 0.55830 0.00142 0.00601 0.07700 0.52818 0.32894 0.35466 0.33309 0.00676 0.50446 0.53061 0.00280 0.00545 0.00036 0.00224 0.00023 0.00095 0.00014 0.00841 0.00000 0.00126 0.00019 0.00050 0.00212 0.00053 0.00000 0.00461 0.00007 0.00000
0.03818 0.00630 0.00075 0.00593 0.41681 0.11077 0.53809 0.54189 0.52155 0.00053 0.08305 0.38859 0.00309 0.00082 0.33613 0.03930 0.51053 0.00197 0.51594 0.51570 0.00032 0.00015 0.00042 0.00010 0.00049 0.00007 0.00006 0.00001 0.00025 0.00004 0.00011 0.00013 0.00461 0.00000 0.00002 0.00003
0.02065 0.35093 0.32841 0.41616 0.41558 0.11088 0.53864 0.54157 0.00577 0.00054 0.00326 0.38912 0.32934 0.42574 0.33348 0.03932 0.51074 0.51511 0.00442 0.00262 0.00000 0.00011 0.00003 0.00007 0.00007 0.00009 0.00001 0.00007 0.00008 0.00085 0.00023 0.00003 0.00007 0.00002 0.00000 0.00011
0.02046 0.00361 0.32761 0.00230 0.41577 0.11095 0.00203 0.00314 0.52177 0.00006 0.07759 0.00382 0.32877 0.00181 0.33349 0.03936 0.00076 0.00547 0.51615 0.51736 0.00980 0.00007 0.00002 0.00012 0.00015 0.00002 0.00019 0.00003 0.00494 0.00013 0.00921 0.00002 0.00000 0.00003 0.00011 0.00000


Relative differences between 0 and 365.25 days averaging:
Tau relative differences:
0.31970 0.00227 0.00000 0.00217 0.86825 0.24216 0.00124 0.00035 0.01000 0.03167 1.80293 0.00957 0.00298 0.00005 1.43009 1.81946 0.00123 0.00033 0.13293 0.16849 0.55446 0.94734 0.03248 1.38488 0.14001 0.85983 0.00040 0.07064 1.27599 16.41329 0.10450 0.16441 0.90229 0.11142 0.03160 0.02111
0.00010 0.14526 0.33423 0.08191 0.00109 0.00170 0.77990 1.31217 0.00011 0.00025 0.00032 0.13328 1.23508 0.30929 0.00007 0.00063 0.37764 0.34101 0.00057 0.00008 0.07844 0.00026 0.59279 0.00009 0.37793 0.00112 0.00477 0.00002 0.79185 0.00159 0.29977 0.00033 0.13889 0.00131 0.01475 0.00140
0.00000 1.15467 39.84678 0.83168 0.00088 0.00081 0.03001 1.59353 0.00082 0.00049 0.00004 0.27707 0.08285 0.23224 0.00008 0.00083 1.69922 1.10257 0.00095 0.00496 0.50482 0.00354 0.95282 0.00002 1.59829 0.00478 1.00522 0.00005 1.27317 0.00006 0.17390 0.00396 0.04700 0.00027 1.55032 0.00767
0.00005 0.94470 0.59881 0.37941 0.00024 0.00271 1.87089 0.00125 0.00142 0.00115 0.00006 0.93460 0.22787 4.15481 0.00000 0.00253 0.00214 0.02052 0.00198 0.00051 0.45447 0.00177 0.72773 0.00004 0.30103 0.00497 0.00169 0.00000 0.70607 0.00013 14.27674 0.00359 0.16654 0.00350 1.47066 0.00137
0.90666 0.00029 0.00058 0.00030 1.00099 0.50301 0.00101 0.00059 1.79776 1.72246 0.26576 0.00018 0.00135 0.00021 0.65402 1.63931 0.00010 0.00064 1.68925 1.83092 0.11411 1.13817 0.02003 0.30350 0.00599 0.73770 0.00013 1.63486 0.13269 0.78487 0.02375 0.89023 0.04022 1.30584 0.03298 0.04293
1.04042 0.01154 0.00024 0.00086 0.92220 0.41529 0.01216 0.00700 0.02420 1.87427 0.00824 0.00305 0.00197 0.00159 1.22334 0.98026 0.00968 0.00317 0.33631 0.04820 0.01276 1.13675 0.16935 0.24660 0.17414 0.87946 0.00099 1.04760 0.15946 1.59351 0.22034 0.63049 0.06990 1.07910 1.48944 0.65824
0.00012 0.18677 0.07655 0.07699 0.00458 0.00178 0.32756 0.00615 0.00092 0.00260 0.00020 0.10009 0.07011 0.07233 0.00199 0.00297 1.19324 1.78282 0.00102 0.00193 0.11231 0.00122 1.20172 0.00031 0.21279 0.00077 0.00028 0.00005 0.35270 0.00016 1.11054 0.00262 0.19887 0.00051 0.03249 0.00024
0.00001 1.43970 0.20899 0.20815 0.00011 0.00029 0.00617 0.37675 0.00198 0.00244 0.00002 0.00923 0.09175 0.31910 0.00005 0.00080 0.94474 0.47046 0.00009 0.00201 0.01454 0.00113 0.09702 0.00006 0.13102 0.00010 0.58799 0.00000 0.17359 0.00001 0.02828 0.00017 0.24191 0.00467 1.86378 0.00089
0.00177 0.00025 0.00072 0.00856 0.00831 1.15574 0.00081 0.00794 0.85696 0.00193 0.00138 0.00007 0.00002 0.00149 0.00138 1.55404 0.00253 0.00295 0.30779 1.65378 0.00151 0.00250 0.00119 0.00438 0.01155 0.49656 0.00003 0.00009 0.01304 0.03487 0.01009 0.00258 0.00577 0.42422 0.00137 1.46450
0.00243 0.00014 0.00032 0.00371 0.07133 0.01031 0.00201 0.00322 0.00413 0.53791 0.00031 0.00015 0.00038 0.00042 0.08579 0.03059 0.00231 0.00085 1.19211 1.49267 0.02525 0.05974 0.00960 0.00308 0.00099 0.00567 0.00001 0.00007 0.01262 0.00868 0.01442 0.00031 0.02794 0.00218 0.00006 0.00061
1.29144 0.00157 0.00029 0.00228 0.58566 0.01569 0.00001 0.00003 0.01788 0.00087 0.11389 0.00371 0.00270 0.00050 2.23398 0.00915 0.00042 0.00003 0.29201 0.05354 0.00909 0.36420 0.08977 0.66444 0.08204 0.76279 0.00006 1.04992 0.11893 0.41757 0.03822 0.63223 0.17884 0.07060 0.00022 0.46957
0.00082 9.31479 2.66128 1.60071 0.00042 0.00056 1.19064 0.17326 0.00003 0.00227 0.00089 0.28320 0.08578 1.04084 0.00006 0.00014 0.30108 0.00583 0.00073 0.00324 0.65875 0.00003 0.02824 0.00022 0.62206 0.00411 1.11413 0.00000 0.33161 0.00475 0.37594 0.00090 1.58950 0.00269 1.09569 0.00063
0.00043 0.37985 0.99752 0.32689 0.00219 0.00044 0.06987 0.06600 0.00004 0.00260 0.00173 1.24800 0.16784 1.45353 0.00347 0.00047 0.03154 1.48338 0.00098 0.00609 1.13506 0.00394 0.96305 0.00019 0.52120 0.00005 1.02645 0.00005 1.30939 0.00134 0.75669 0.00251 0.11223 0.00055 1.63795 0.00863
0.00002 0.74347 0.79529 0.88850 0.00018 0.00070 1.82540 0.27918 0.00030 0.00069 0.00002 1.32619 0.03376 0.29850 0.00113 0.00016 1.50990 0.03900 0.00012 0.00273 0.28640 0.00076 0.43596 0.00005 1.03898 0.01226 0.61715 0.00004 0.11384 0.00002 0.96755 0.01305 0.34896 0.00049 1.23814 0.00150
0.66412 0.00005 0.00006 0.00040 0.76512 1.26266 0.00224 0.00069 0.02167 0.04537 1.72218 0.00002 0.00056 0.00287 1.27037 1.72472 0.00036 0.00156 1.64565 1.93000 0.01301 1.05976 0.09192 0.33071 0.03602 0.10660 0.00004 1.70377 0.00656 0.79367 0.00798 0.62103 0.19145 0.00445 0.02381 1.02998
1.32988 0.00425 0.00297 0.00053 1.68800 0.55830 0.01745 0.01378 1.86708 0.26211 0.00314 0.00298 0.00332 0.00111 1.83217 0.91894 0.00784 0.00165 0.00650 1.70622 0.21963 1.76832 0.36881 0.10306 0.40619 0.04394 0.00144 0.00740 0.45087 1.42472 0.42240 0.76185 0.07677 7.51112 1.42088 0.13940
0.00001 0.37819 0.38447 0.00244 0.00111 0.00013 0.77995 1.33121 0.00205 0.00002 0.00012 0.41784 0.07092 0.36748 0.00151 0.00095 0.69371 0.00307 0.00192 0.00293 0.32244 0.00015 0.35272 0.00008 0.11562 0.00006 0.00145 0.00001 0.63029 0.00003 1.27977 0.00002 0.67017 0.00536 0.05147 0.00017
0.00027 0.44779 1.23767 0.02219 0.00231 0.00098 0.71730 1.39620 0.00273 0.00104 0.00002 0.17572 1.35481 0.09017 0.00024 0.00042 0.00160 0.50918 0.00154 0.00165 0.59833 0.00037 0.29327 0.00016 0.37176 0.00175 0.72915 0.00000 1.06972 0.00014 0.45965 0.00141 1.02745 0.00127 0.03102 0.00044
0.04295 0.00128 0.00026 0.00713 0.02497 1.11204 0.00063 0.00599 0.27149 0.03679 0.02318 0.00105 0.00006 0.00093 0.01395 1.50263 0.00251 0.00323 0.96664 0.00110 0.00125 0.04511 0.00226 0.16897 0.07473 0.62665 0.00011 0.00022 0.01653 0.19449 0.03863 0.31792 0.00464 0.24364 0.00077 1.46664
0.02241 0.00004 0.00176 0.00042 0.10843 0.00722 0.00592 0.00091 0.11871 1.29954 0.99733 0.00086 0.00091 0.00045 0.06018 0.06778 0.00621 0.00068 0.00073 0.57648 0.00964 0.94500 0.00547 1.48714 0.00287 1.25243 0.00001 0.00014 0.02174 1.80841 0.01939 0.00013 0.02382 1.66832 0.00112 1.02469
0.03185 0.00004 1.63216 0.00332 0.01063 0.01124 0.00332 0.00010 0.00018 0.00364 0.00727 0.00325 1.42064 0.00666 0.00236 0.00133 0.00237 0.00203 0.00021 0.00560 1.55303 0.05241 0.16718 0.90376 0.16532 0.00096 0.13850 0.00008 0.21879 0.25859 0.19874 0.00120 0.16999 0.55715 1.30616 0.02273
0.98977 0.00044 0.00182 0.03471 0.08457 0.05655 0.00633 0.00217 0.21758 0.05884 0.40794 0.00001 0.00973 0.01456 0.68044 0.01814 0.00885 0.00077 0.12958 0.14178 0.64328 0.59548 1.09695 0.17143 0.50876 0.27678 0.00700 1.14889 0.23866 0.20302 1.24531 0.53410 0.28179 0.58671 0.67289 0.60176
0.01403 0.01156 0.00632 0.00345 0.00188 0.00085 0.03616 0.00011 0.00345 0.00455 0.00565 0.00594 1.30169 0.06615 0.00345 0.00430 0.01777 0.00830 0.00313 0.00879 0.35515 0.01655 1.39680 0.00767 1.12493 0.05092 0.00167 0.12452 3.45754 0.02445 0.31650 0.42440 0.19621 0.01011 1.13083 0.43225
13.22324 0.00327 0.00743 0.09194 2.74329 0.96825 0.04871 0.01052 0.08073 0.10394 1.00794 0.00328 0.00592 0.01743 16.62770 0.53405 0.04003 0.00554 0.08235 0.12611 0.60394 29.08009 0.92367 0.07980 2.17806 0.58797 0.03090 0.00019 0.58815 0.08078 0.68879 1.06166 1.12242 0.85081 0.64146 0.39388
0.00036 0.00012 0.00389 0.00871 0.00090 0.01272 0.00149 0.00037 0.00070 0.00010 0.00008 0.00128 0.02090 0.00688 0.00132 0.01743 0.00038 0.00251 0.00533 0.00039 0.10964 0.13768 1.08933 0.41727 0.00531 0.01423 0.74729 0.00100 0.19042 0.00068 0.23067 0.07035 0.19739 0.01075 0.45851 0.22779
3.35292 0.00490 0.04095 0.02725 0.08027 0.21391 0.03686 0.00034 1.49129 0.00225 1.28038 0.00550 0.00050 0.04496 0.32300 0.83449 0.01193 0.00338 1.33222 0.01959 0.00403 0.61744 1.64777 1.74928 6.24423 1.64566 0.01846 0.24806 0.21834 0.23986 0.35141 0.11255 0.28347 0.75318 0.75463 0.28590
0.00511 0.00077 0.04909 0.00028 0.00215 0.00983 1.77856 0.00623 0.00076 0.00011 0.00192 0.00033 0.06355 1.79725 0.00339 0.01397 0.01384 0.00587 0.00214 0.00053 0.60056 0.03726 0.20265 0.00051 0.67268 0.06326 0.00189 0.05455 0.72145 0.00033 0.04480 0.03042 0.17435 0.01243 0.38881 0.60349
0.74065 0.00701 0.03798 0.01226 0.52457 0.09308 0.05416 0.00271 0.26870 0.01741 0.81968 0.01353 0.01476 0.03670 0.62168 0.54491 0.00757 0.01151 1.46628 0.38138 1.53916 0.83305 0.21656 1.61279 0.05082 1.44374 0.00399 0.00071 0.11609 0.21018 0.55879 0.02565 0.34911 3.05090 0.70404 0.22026
0.01745 0.00355 0.06605 0.01631 0.00233 0.00727 0.00479 0.00984 0.00066 0.00032 0.02057 0.01234 0.05837 0.04160 0.00141 0.00016 0.00739 0.02693 0.00102 0.00021 0.11154 0.00931 1.53702 0.00144 1.22195 0.75572 0.01638 0.00146 1.13406 0.01593 0.43763 0.00273 0.15043 0.01616 0.45267 0.00004
1.53127 0.00622 0.00013 0.00578 0.33352 0.80276 0.00204 0.00003 1.65395 0.03368 1.17435 0.00846 0.02594 0.00403 1.00569 1.02198 0.00148 0.00038 0.12409 0.04419 0.48793 0.21352 0.77898 0.11276 0.02069 6.28009 0.00022 0.03591 1.22884 0.36690 0.30083 0.07277 0.12361 0.84712 0.74802 1.16072
0.00981 1.68148 0.00078 1.69104 0.00363 0.00653 1.72199 0.00000 0.00012 0.00087 0.01015 0.08684 0.00684 1.74060 0.00849 0.01046 1.76523 0.04277 0.00029 0.00057 1.38977 0.01316 0.85305 0.34685 0.12728 0.00408 0.12098 0.02333 0.69574 0.01741 0.47183 0.00008 0.89648 0.00215 0.94452 0.01667
0.50552 0.00318 0.00403 0.01282 0.26014 1.77907 0.02768 0.00373 0.00401 0.03410 0.48536 0.01336 0.00466 0.02045 0.24787 1.17744 0.00083 0.01333 0.05052 0.01196 0.17204 0.00716 0.89231 1.82195 0.53265 0.86440 0.11232 0.00927 2.86150 0.25559 0.02582 0.14584 0.02630 0.30497 0.43261 0.51098
0.00859 0.00378 1.65178 1.81971 0.00091 0.00089 0.01707 0.04625 0.00000 0.00270 0.00727 0.03142 1.39940 1.81713 0.00061 0.00182 0.09968 0.05905 0.00046 0.00247 0.69374 0.00426 0.41969 1.27714 0.80137 0.00297 0.12238 0.16381 0.39342 0.01003 1.08758 0.00256 0.88929 0.00081 1.54312 0.17568
0.10908 0.00823 0.00054 0.02292 1.21236 0.11935 0.03064 0.02272 1.70686 0.00387 0.24384 0.01061 0.00167 0.00281 0.17889 30.14656 0.02223 0.00568 1.58914 1.83165 0.49995 0.03163 0.56064 1.21840 0.20556 0.18790 0.13185 0.05790 1.05720 0.24750 0.81761 0.02540 0.06873 0.19093 0.43110 1.26680
0.00048 0.03690 1.62068 0.00357 0.01000 0.01300 0.00321 0.02772 0.00167 0.00029 0.00007 0.03569 1.54212 0.01290 0.00415 0.00872 0.02631 1.74867 0.00225 0.00119 1.24690 0.01006 0.08750 0.95017 0.76181 0.01612 0.11218 0.03891 0.46872 0.00253 0.20955 0.01480 0.09492 0.01071 0.44230 0.70988
0.15087 0.00108 0.00256 0.00008 0.12487 0.26024 0.00009 0.00085 0.01198 0.00003 0.00721 0.00104 0.00337 0.00043 0.00025 0.23370 0.00011 0.00133 0.01490 0.00862 0.00178 0.45920 0.00545 0.53027 0.42659 0.81222 0.19036 0.03080 0.03600 0.06696 0.02234 0.39420 0.10227 0.78956 0.93172 0.28836

R relative differences:
0.00000 0.00159 0.00005 0.00278 0.86283 0.14263 0.00131 0.00048 1.32408 1.45434 0.06835 0.00641 0.98166 0.00117 0.61551 0.00474 0.00116 0.00127 1.25780 1.33776 0.03638 0.03741 0.03640 0.03639 0.00515 0.03547 0.03260 0.03624 0.03862 0.03491 0.04135 0.02191 0.03309 0.07013 0.03508 0.01833
0.00159 0.00000 0.24742 0.77845 0.00121 0.00638 1.41941 0.49899 0.00024 0.00023 0.00277 0.04257 0.43324 0.14698 0.00017 0.00516 0.91959 0.20661 0.00081 0.00011 0.00066 0.00054 1.23317 0.00188 0.00339 0.00157 0.00474 0.00168 0.00310 0.00329 1.24797 0.00283 0.00209 0.00630 1.21280 0.00361
0.00005 0.24742 0.00000 0.24492 0.00272 0.00264 0.01658 0.50068 0.00290 0.00168 0.00052 0.50401 0.03037 0.20685 0.00042 0.00229 0.70701 0.34231 0.00174 0.00840 1.11589 0.00318 1.16331 0.00115 0.00410 0.00432 1.07093 0.00484 0.94857 0.00012 0.00128 1.05917 1.05296 0.00075 1.07285 1.04516
0.00278 0.77845 0.24492 0.00000 0.00104 0.00607 1.62787 0.05968 0.00657 0.00732 0.00262 1.07891 0.02907 0.00890 0.00076 1.25365 0.00034 0.00599 0.00783 0.00263 1.21762 0.00292 1.19690 0.00558 1.22980 1.19564 0.00112 0.00256 0.93483 0.00149 1.17313 0.00375 1.12838 0.00593 1.20169 0.00230
0.86283 0.00121 0.00272 0.00104 0.00000 0.80894 0.00406 0.00279 1.71935 0.57931 0.96758 0.00095 0.00485 0.00558 0.01676 0.46769 0.00142 0.00367 1.32595 1.37456 0.75639 0.75509 0.00441 0.75499 0.00160 0.75291 0.00588 0.75457 0.74907 0.75701 0.79734 0.76058 0.76525 0.75863 0.75709 0.76011
0.14263 0.00638 0.00264 0.00607 0.80894 0.00000 1.35469 1.26194 1.35947 1.18025 0.00175 1.31185 0.00336 0.00217 11.05699 0.06214 1.29523 0.00283 1.36724 0.00577 0.17498 0.18321 0.17587 0.17348 0.18086 0.17411 0.17229 0.17246 0.17955 0.17229 0.17656 0.17966 0.16269 0.17157 0.17194 0.17414
0.00131 1.41941 0.01658 1.62787 0.00406 1.35469 0.00000 0.00757 0.00145 0.00395 0.00183 33.31803 0.64940 1.59423 0.00382 1.29756 0.00630 0.00020 0.00193 0.00609 1.32859 0.00186 1.32693 0.00469 1.31823 1.32250 1.32409 0.00517 0.00656 0.00083 1.32850 0.00513 1.31393 1.33191 1.32741 0.00203
0.00048 0.49899 0.50068 0.05968 0.00279 1.26194 0.00757 0.00000 0.00546 0.00591 0.00008 1.39532 0.81704 0.34354 0.00153 1.33524 0.07870 0.02982 0.00372 0.00313 0.00036 0.00136 0.00379 0.00258 0.00246 0.00031 1.37386 0.00080 1.33849 0.00054 0.00117 0.00127 1.37749 1.37395 1.37205 0.00314
1.32408 0.00024 0.00290 0.00657 1.71935 1.35947 0.00145 0.00546 0.00000 0.00164 0.00378 0.00027 0.00007 0.00249 0.00381 1.17226 0.00287 0.00313 0.06266 0.73168 0.00044 0.00995 0.00418 1.27671 0.00112 1.27998 0.00305 0.00749 0.00148 1.27122 0.00267 0.00096 0.00142 1.27410 0.00577 1.27614
1.45434 0.00023 0.00168 0.00732 0.57931 1.18025 0.00395 0.00591 0.00164 0.00000 0.00026 0.00219 0.00266 0.00099 25.28674 0.82420 0.00798 0.00189 0.30800 0.04891 0.00709 0.00602 0.00799 0.00867 0.00057 0.00107 0.00171 0.00661 0.00187 1.33373 0.00531 0.00444 0.00601 0.00053 0.00054 0.00006
0.06835 0.00277 0.00052 0.00262 0.96758 0.00175 0.00183 0.00008 0.00378 0.00026 0.00000 0.00543 0.94410 0.00394 0.75725 0.00102 0.00229 0.00018 1.18652 1.58278 0.11316 0.11624 0.11018 0.11135 0.13564 0.11025 0.09797 0.11139 0.11187 0.10979 0.11727 0.09971 0.10443 0.11720 0.00326 0.11907
0.00641 0.04257 0.50401 1.07891 0.00095 1.31185 33.31803 1.39532 0.00027 0.00219 0.00543 0.00000 0.30436 0.27122 0.00068 1.32490 1.25636 0.16424 0.00205 0.00473 1.24885 0.00011 1.20488 0.00206 0.00534 0.00459 1.21470 0.00550 1.17657 0.00799 1.23444 1.22482 1.36059 1.22198 1.21960 0.00382
0.98166 0.43324 0.03037 0.02907 0.00485 0.00336 0.64940 0.81704 0.00007 0.00266 0.94410 0.30436 0.00000 0.75772 0.65456 0.00312 5.20628 0.27176 0.00080 0.00778 0.97372 0.00337 0.97716 0.00530 0.90155 0.00014 0.95257 0.00450 0.81647 0.94373 0.00584 0.00399 0.94949 0.00309 0.95426 0.93998
0.00117 0.14698 0.20685 0.00890 0.00558 0.00217 1.59423 0.34354 0.00249 0.00099 0.00394 0.27122 0.75772 0.00000 0.00576 0.00066 3.88761 0.32810 0.00240 0.00390 1.24787 0.00213 1.23554 0.00183 1.26838 1.24107 1.23865 1.24744 1.17993 0.00180 1.21264 1.24190 1.15001 0.00082 1.24475 0.00181
0.61551 0.00017 0.00042 0.00076 0.01676 11.05699 0.00382 0.00153 0.00381 25.28674 0.75725 0.00068 0.65456 0.00576 0.00000 0.48218 0.00423 0.00247 3.34090 2.96348 0.00223 0.57999 0.57818 0.57823 0.58566 0.57683 0.57804 0.58235 0.00292 0.57721 0.57758 0.58312 0.57533 0.58331 0.57848 0.57603
0.00474 0.00516 0.00229 1.25365 0.46769 0.06214 1.29756 1.33524 1.17226 0.82420 0.00102 1.32490 0.00312 0.00066 0.48218 0.00000 1.28857 0.00084 1.11545 1.04645 0.06177 0.03310 0.06431 0.06030 0.06838 0.06119 0.05952 0.05917 0.06292 0.05886 0.06356 0.06509 0.00676 0.05865 0.05872 0.06036
0.00116 0.91959 0.70701 0.00034 0.00142 1.29523 0.00630 0.07870 0.00287 0.00798 0.00229 1.25636 5.20628 3.88761 0.00423 1.28857 0.00000 0.00044 0.00349 0.00842 1.28201 0.00282 1.27407 0.00505 0.00280 0.00199 0.00777 0.00114 1.26702 0.00069 1.27713 0.00049 1.26294 1.27302 1.27243 0.00076
0.00127 0.20661 0.34231 0.00599 0.00367 0.00283 0.00020 0.02982 0.00313 0.00189 0.00018 0.16424 0.27176 0.32810 0.00247 0.00084 0.00044 0.00000 0.00266 0.00198 0.00726 0.00041 1.32523 0.00104 1.34827 0.00324 1.32923 0.00232 1.29358 0.00037 1.31955 0.00289 1.32862 0.00197 1.32751 0.00547
1.25780 0.00081 0.00174 0.00783 1.32595 1.36724 0.00193 0.00372 0.06266 0.30800 1.18652 0.00205 0.00080 0.00240 3.34090 1.11545 0.00349 0.00266 0.00000 0.00108 0.00122 0.00996 0.00670 1.25570 0.00803 1.25558 0.00736 1.25473 0.00264 1.25570 1.21431 1.25421 0.00280 1.25431 0.00442 1.25751
1.33776 0.00011 0.00840 0.00263 1.37456 0.00577 0.00609 0.00313 0.73168 0.04891 1.58278 0.00473 0.00778 0.00390 2.96348 1.04645 0.00842 0.00198 0.00108 0.00000 0.00779 1.28378 1.28205 1.28405 0.00097 1.28511 0.00299 1.28480 0.00283 1.28571 0.00534 0.00072 0.00545 1.28192 0.00262 1.29453
0.03638 0.00066 1.11589 1.21762 0.75639 0.17498 1.32859 0.00036 0.00044 0.00709 0.11316 1.24885 0.97372 1.24787 0.00223 0.06177 1.28201 0.00726 0.00122 0.00779 0.00000 0.00035 0.00399 0.00018 0.00715 0.00137 0.00006 0.00049 0.00246 0.00055 0.00240 0.00669 0.00576 0.00475 0.00039 0.00980
0.03741 0.00054 0.00318 0.00292 0.75509 0.18321 0.00186 0.00136 0.00995 0.00602 0.11624 0.00011 0.00337 0.00213 0.57999 0.03310 0.00282 0.00041 0.00996 1.28378 0.00035 0.00000 0.00036 0.00007 0.01639 0.00132 0.00316 0.00001 0.01983 0.00583 0.00209 0.00425 0.03468 0.00321 0.00215 0.00307
0.03640 1.23317 1.16331 1.19690 0.00441 0.17587 1.32693 0.00379 0.00418 0.00799 0.11018 1.20488 0.97716 1.23554 0.57818 0.06431 1.27407 1.32523 0.00670 1.28205 0.00399 0.00036 0.00000 0.00034 0.00140 0.00027 0.00078 0.00094 0.00265 0.00119 0.00379 0.00040 0.00607 0.00738 0.00074 0.00216
0.03639 0.00188 0.00115 0.00558 0.75499 0.17348 0.00469 0.00258 1.27671 0.00867 0.11135 0.00206 0.00530 0.00183 0.57823 0.06030 0.00505 0.00104 1.25570 1.28405 0.00018 0.00007 0.00034 0.00000 0.00366 0.00005 0.00446 0.00031 0.01576 0.00087 0.00354 0.00005 0.01438 0.00167 0.00140 0.00515
0.00515 0.00339 0.00410 1.22980 0.00160 0.18086 1.31823 0.00246 0.00112 0.00057 0.13564 0.00534 0.90155 1.26838 0.58566 0.06838 0.00280 1.34827 0.00803 0.00097 0.00715 0.01639 0.00140 0.00366 0.00000 0.00034 0.00705 0.00115 0.00459 0.00228 0.00220 0.00007 0.00088 0.00870 0.00001 0.00440
0.03547 0.00157 0.00432 1.19564 0.75291 0.17411 1.32250 0.00031 1.27998 0.00107 0.11025 0.00459 0.00014 1.24107 0.57683 0.06119 0.00199 0.00324 1.25558 1.28511 0.00137 0.00132 0.00027 0.00005 0.00034 0.00000 0.00043 0.00017 0.00503 0.00015 0.00617 0.00026 0.00841 0.00195 0.00121 0.00262
0.03260 0.00474 1.07093 0.00112 0.00588 0.17229 1.32409 1.37386 0.00305 0.00171 0.09797 1.21470 0.95257 1.23865 0.57804 0.05952 0.00777 1.32923 0.00736 0.00299 0.00006 0.00316 0.00078 0.00446 0.00705 0.00043 0.00000 0.00091 0.00365 0.00039 0.00118 0.00038 0.00110 0.00123 0.00049 0.00045
0.03624 0.00168 0.00484 0.00256 0.75457 0.17246 0.00517 0.00080 0.00749 0.00661 0.11139 0.00550 0.00450 1.24744 0.58235 0.05917 0.00114 0.00232 1.25473 1.28480 0.00049 0.00001 0.00094 0.00031 0.00115 0.00017 0.00091 0.00000 0.00516 0.00270 0.00018 0.00036 0.01918 0.00028 0.00173 0.00257
0.03862 0.00310 0.94857 0.93483 0.74907 0.17955 0.00656 1.33849 0.00148 0.00187 0.11187 1.17657 0.81647 1.17993 0.00292 0.06292 1.26702 1.29358 0.00264 0.00283 0.00246 0.01983 0.00265 0.01576 0.00459 0.00503 0.00365 0.00516 0.00000 0.00069 0.02543 0.00410 0.00208 0.00353 0.00457 0.00494
